% snag_constant

c_=299792458           % light velocity m/s
G_=6.67430E-11         % Gravitational constant N*m^2/kg^2
N_A_=6.02214076E23     % Avogadro number mol^-1
h_=6.62607015E-34      % Planck constant J*s
k_=1.380649E-23        % Boltzmann constant J/K
ev_=1.602176634E-19    % electron volt J

ly_=9.4605E15          % light year m
parsec_=3.085677581E16 % m
au_=1.495978707E11     % astronomical unit m
sid_d_=86164.09074
sid_y_=3.1558149984D7

sol_m_=1.98847E30
sol_r_=6.955E8
sol_lum_=3.846E26     % watt
sol_app_=0.5358       % mean apparent diameter; degrees

earth_m_=5.97237E24
earth_r_=6.37817E6
AU_=149597870691      % Astronomical unit
earth_aph_=152097701000
earth_perih_=147098074000

moon_m_=7.347637E22
moon_r_=1.73710E6

deg2rad_=pi/180
rad2deg_=1/deg2rad_