function sour=J0007_7303()
%
%  Pulsar J0007+7303

sour.name='J0007+7303';
sour.a=0*15+7*15/60+1.56*15/3600;
sour.d=73+3/60+8.1/3600;
sour.eta=1;
sour.psi=0;
sour.eps=0;