h=[0 ...
   -7.57345e-025...
   -1.53764e-024...
   -1.69829e-024...
   -1.37699e-024...
   1.14749e-024...
   1.28519e-024...
   1.21634e-024...
   1.33109e-024...
   1.95074e-024...
   2.1045e-024...
   1.556e-024...
   3.21298e-025...
   -4.81947e-025...
   -6.3112e-025...
   -2.98348e-025...
   4.58997e-026...
   2.52448e-025...
   1.37699e-025...
   -6.88495e-026...
   -1.60649e-025...
   -6.88495e-026...
   2.29498e-026...
   0];
t=[0 ...
   0.0001306...
   0.0002184...
   0.0002612...
   0.000302...
   0.0003796...
   0.0003918...
   0.0004122...
   0.0004265...
   0.0004367...
   0.0004449...
   0.0004612...
   0.0004857...
   0.0005265...
   0.0005428...
   0.0005755...
   0.0005984...
   0.000617...
   0.0006367...
   0.000657...
   0.00067755...
   0.0007...
   0.0007224...
   0.0007388];

msg={'Axisymmetric collapse of a non rotating polytropic star core.'...
      'An initially spherical collapsing star core is slightly deformed through'...
      'an axial perturbation, so that only the "x"-polarization component of the '...
      'gravitational wave is different from zero.'...
      'Hydrodynamics effects play a role.'...
      'In this case the core bounces smoothly before recollapsing. This sensibly'...
      'distorts the waveform and reduces the amplitude of the signal.'...
      'E.Seidel, Phys.Rev.D 44, 950, 1991.'};

