h=[0 ...
   -5.7711e-025...
   -3.17411e-024...
   -4.03977e-024...
   -2.50081e-024...
   8.84902e-024...
   1.0388e-023...
   9.81087e-024...
   -5.96347e-024...
   -7.50243e-024...
   -6.05966e-024...
   2.11607e-024...
   3.07792e-024...
   2.11607e-024...
   -1.63515e-024...
   -2.01989e-024...
   1.9237e-025...
   5.7711e-025...
   -4.80925e-025...
   -7.6948e-025...
   -5.7711e-025...
   0];
t=[0 ...
   4.87e-005...
   0.0001333...
   0.0002282...
   0.000264...
   0.000323...
   0.0003435...
   0.0003538...
   0.0004026...
   0.0004154...
   0.0004256...
   0.0004635...
   0.0004769...
   0.0004974...
   0.0005384...
   0.0005487...
   0.0005897...
   0.0006102...
   0.0006487...
   0.0006718...
   0.0006923...
   0.0007179];

msg={'Axisymmetric collapse of a pressureless dust.'...
      'The starting point is a spherical, constant density star which begins to '...
      'collapse as a consequence of a sudden turn-off of pressure.'...
      'The initial spherical configuration is slightly deformed through an '...
      'axisymmetric axial perturbation.'...
      'As a consequence, only the "x"-polarization component of the gravitational '...
      'wave is different from zero.'...
		'C.T.Cunningham et al., ApJ 224, 643, 1978.'};