h=[0 ...
   -1.5986e-025...
   -4.39615e-025...
   -1.83839e-024...
   -2.23804e-024...
   -1.95829e-024...
   1.63856e-024...
   3.8766e-024...
   4.03647e-024...
   4.44011e-024...
   2.99738e-024...
   -1.39878e-024...
   -2.75759e-024...
   1.19895e-025...
   6.23454e-025...
   1.03909e-024...
   6.79405e-025...
   -2.79755e-025...
   -5.99475e-025...
   -3.9965e-026...
   2.11815e-025...
   -1.19895e-025...
   -1.99825e-025...
   0];
t=[0 ...
   9.26e-005...
   0.0001815...
   0.0003333...
   0.0003815...
   0.0004185...
   0.0004815...
   0.0005111...
   0.0005148...
   0.0005259...
   0.0005518...
   0.0005778...
   0.0006018...
   0.0006504...
   0.0006555...
   0.0006707...
   0.0006926...
   0.0007185...
   0.0007348...
   0.0007778...
   0.0007963...
   0.0008407...
   0.0008667...
   0.0009037];

msg={'Axisymmetric collapse of a non rotating polytropic star core.'...
      'An initially spherical collapsing star core is slightly deformed through'...
      'an axial perturbation, so that only the "x"-polarization component of the '...
     'gravitational wave is different from zero.Hydrodynamics effects play a role.'...
     'In this case the inner pressure is low, so that the waveform is very'...
     'similar to those relative to the dust collapse, see gwp_dus1, gwp_dus2.'...
     'E.Seidel, Phys.Rev.D 44, 950, 1991.'};

