h=[0 ...
   0 ...
   -4.54546e-025...
   -1.09091e-024...
   -1.27273e-024...
   -1.09091e-024...
   1.13636e-025...
   3.40909e-025...
   4.54546e-026...
   8.18182e-026...
   -4.54546e-025...
   -8.97727e-025...
   1.11364e-024...
   1.95455e-024...
   2.29545e-024...
   1.95455e-024...
   -5.90909e-025...
   -9.27273e-025...
   -4.09091e-025...
   1.13636e-025...
   2.5e-025...
   -6.81818e-026...
   -1.95455e-025...
   -4.54546e-026...
   6.81818e-026...
   -4.54546e-026...
   -6.81818e-026...
   0];
t=[0 ...
   4.89e-005...
   0.0002...
   0.0003...
   0.0003388...
   0.0003837...
   0.0004491...
   0.0004735...
   0.0005...
   0.0005103...
   0.0005307...
   0.0005536...
   0.0005862...
   0.0006001...
   0.0006148...
   0.0006...
   0.0006756...
   0.000694...
   0.0007266...
   0.000745...
   0.0007716...
   0.0008124...
   0.0008393...
   0.0008634...
   0.000894...
   0.0009348...
   0.0009618...
   0.0009961];

msg={'Axisymmetric collapse of a non rotating polytropic star core.'...
      'An initially spherical collapsing star core is slightly deformed through'...
      'an axial perturbation, so that only the "x"-polarization component of the '...
      'gravitational wave is different from zero.'...
      'Hydrodynamics effects play a role.'...
      'In this case the core bounces violently before recollapsing. This sensibly'...
      'distorts the waveform and reduces the amplitude of the signal.'...
      'E.Seidel, Phys.Rev.D 44, 950, 1991.'};

