h=[0 ...
   -3.3488e-025...
   -1.17208e-024...
   -1.38138e-024...
   -1.36464e-024...
   -1.21394e-024...
   1.29766e-024...
   1.79998e-024...
   1.33952e-024...
   -3.7674e-025...
   -7.1162e-025...
   1.2558e-025...
   2.5116e-025...
   0 ...
   -2.093e-025...
   0 ...
   1.00464e-025...
   0];
t=[0 ...
   0.0001815...
   0.0003333...
   0.0003667...
   0.0003926...
   0.0004185...
   0.0004889...
   0.0005222...
   0.000548...
   0.0006148...
   0.0006407...
   0.0006889...
   0.0007074...
   0.000748...
   0.0007778...
   0.0008074...
   0.000837...
   0.0008741];

msg={'Axisymmetric collapse of a non rotating polytropic star core.'...
      'An initially spherical collapsing star core is slightly deformed through an '...
      'axial perturbation, so that only the "x"-polarization component of the '...
      'gravitational wave is different from zero.Hydrodynamics effects play a role.'...
      'In this case the high inner pressure sensibly reduces the amplitude of the'...
      'signal.'...
      'E.Seidel, Phys.Rev.D 44, 950, 1991.'}
