h=[0 ...
   -1.9418e-025...
   -2.33016e-024...
   -4.95159e-024...
   -5.04868e-024...
   -4.27196e-024...
   3.10688e-024...
   8.93228e-024...
   1.17479e-023...
   1.00003e-023...
   -5.92249e-024...
   -8.15556e-024...
   -6.40794e-024...
   2.33016e-024...
   3.39815e-024...
   -1.16508e-024...
   -2.03889e-024...
   0 ...
   6.7963e-025...
   9.709e-026...
   0];
t=[0 ...
   4.87e-005...
   0.0001333...
   0.0002282...
   0.0002461...
   0.0002743...
   0.0003128...
   0.0003385...
   0.000359...
   0.0003744...
   0.000414...
   0.0004256...
   0.0004436...
   0.000482...
   0.0004923...
   0.0005384...
   0.0005513...
   0.0005897...
   0.0006102...
   0.0006308...
   0.0006538];


msg={'Axisymmetric collapse of a pressureless dust.'...
     'The starting point is a spherical, constant density star which begins to '...
     'collapse as a consequence of a sudden turn-off of pressure.'...
     'The initial spherical configuration is slightly deformed through an '...
     'axisymmetric axial perturbation.'...
     'As a consequence, only the "x"-polarization component of the gravitational '...
     'wave is different from zero.'...
     'E.Seidel & T.Moore, Phys.Rev.D 35, 2287, 1987.'};
      
 