% dati istogrammi ora siderale 2001 e 2003 - da GVP

hi2001=[1.3 -0.1 -1.1 3.1 2.1 0.2 0.3 0.3 -0.7 -0.1 -0.5 0.2 -0.5 0.3 0.7 -1.1 -0.2 -0.3 0.9 0 0.4 -0.6 -0.1 -0.1];
hi2003=[-0.5 -0.5 -0.5 3.5 0.5 0.5 1.5 0.5 0.5 -0.5 -0.5  -0.5  -0.5 0.5 0.5  -0.5  -0.5 0.5  -0.5  -0.5  -0.5  -0.5 1.5 0.5]; 